1 2127964
2 2140340
3 2176492
4 2206672
5 2292560
6 2292730
7 2481022
8 2378968
9 2431640
10 2524064
11 2613676
12 2628236
13 2731116
14 2704900
15 2795276
16 2773892
17 2835032
18 2848136
19 2907340
20 2993208
21 2974988
22 3043612
23 3090728
24 3178504
25 3197636
26 3233472
27 3297104
28 3359748
29 3400564
30 3424548
31 3513216
32 3499040
33 3584104
34 3662020
35 3665580
36 3711464
37 3738752
38 3860528
39 3896524
40 3973852
41 3959314
42 3956916
43 4062372
44 4067212
45 4149916
46 4274928
47 4347848
48 4246672
49 4364936
50 4221452
