1 5561139
2 5611636
3 5656313
4 5757821
5 5866479
6 5962869
7 6108324
8 6238100
9 6377553
10 6482482
11 6587643
12 6636118
13 6835918
14 6917127
15 6986645
16 7093366
17 7211666
18 7289215
19 7355940
20 7556970
21 7600751
22 7791654
23 7875845
24 8030531
25 8091428
26 8201846
27 8270963
28 8466851
29 8571209
30 8642357
31 8779485
32 8898167
33 8978200
34 9102070
35 9249285
36 9324594
37 9477943
38 9554158
39 9655779
40 9806515
41 9769988
42 10115309
43 10132106
44 10253248
45 10339300
46 10531815
47 10593519
48 10769843
49 10853751
50 11000418
